2      0
4      0
6     17
8      0
10     17
12      0
14     17
16     17
18    -17
20      0
22     17
24     17
26    -17
28    -17
30     34
32    -17
34     17
36      0
38      0
40     17
42      0
44      0
46     17
48      0
50      0
52      0
54     34
56     17
58      0
60      0
62      0
64      0
66      0
68      0
70      0
72     17
74      0
76      0
78     17
80      0
82     17
84      0
86     17
88     34
90    -17
92      0
94     34
96      0
98      0
100      0
102      0
104      0
106     17
108      0
110     17
112      0
114      0
116      0
118     17
120      0
122      0
124      0
126     17
128      0
130      0
132      0
134      0
136    -17
138      0
140      0
142     34
144      0
146     17
148    -17
150      0
152     17
154      0
156      0
158     17
160      0
162    -17
164     17
166     17
168      0
170      0
172      0
174      0
176      0
178      0
180    -17
182     17
184      0
186     17
188      0
190      0
192      0
194     17
196      0
198      0
200     17
202      0
204      0
206     17
208      0
210      0
212     17
214     17
216      0
218      0
220      0
222     17
224     17
226      0
228    -17
230      0
232      0
234      0
236    -17
238     17
240      0
242      0
244      0
246      0
248     17
250     17
252      0
254      0
256    -17
258      0
260     17
262     17
264      0
266      0
268      0
270     17
272     17
274    -17
276      0
278     17
280     17
282      0
284      0
286     17
288    -17
290     17
292      0
294      0
296     17
298     17
300      0
302      0
304      0
306      0
308    -17
310     17
312     17
314      0
316      0
318      0
320     17
322      0
324      0
326      0
328      0
330      0
332      0
334      0
336      0
338    -17
340     34
342     17
344    -17
346      0
348      0
350     17
352      0
354      0
356    -17
358     17
360      0
362      0
364     17
366      0
368      0
370      0
372     17
374     17
376      0
378     17
380      0
382      0
384      0
386     17
388    -17
390     17
392     17
394      0
396    -17
398     17
400      0
