2      0
4      0
6     17
8     17
10      0
12     17
14     17
16     17
18      0
20      0
22      0
24     17
26      0
28     17
30      0
32     17
34      0
36      0
38     17
40      0
42    -17
44     17
46     17
48      0
50     17
52      0
54      0
56      0
58    -17
60      0
62      0
64     17
66     17
68      0
70      0
72      0
74      0
76      0
78     17
80     17
82      0
84      0
86     17
88      0
90     17
92      0
94      0
96     17
98      0
100    -17
102     17
104      0
106      0
108      0
110      0
112      0
114      0
116      0
118      0
120    -17
122     17
124      0
126      0
128     34
130      0
132    -17
134      0
136     17
138    -17
140      0
142      0
144      0
146     17
148    -17
150      0
152      0
154      0
156      0
158     17
160     17
162      0
164    -17
166      0
168      0
170      0
172      0
174      0
176     17
178      0
180      0
182     17
184      0
186      0
188      0
190      0
192      0
194      0
196      0
198      0
200     17
202     17
204    -17
206      0
208      0
210      0
212      0
214      0
216     17
218     17
220      0
222      0
224      0
226      0
228      0
230     17
232      0
234      0
236     17
238      0
240      0
242      0
244      0
246     17
248     17
250    -17
252      0
254     34
256      0
258     17
260      0
262     17
264      0
266      0
268      0
270      0
272     17
274    -17
276      0
278     17
280      0
282      0
284      0
286     17
288     17
290      0
292      0
294      0
296     17
298     17
300      0
302      0
304      0
306      0
308      0
310      0
312      0
314     17
316      0
318      0
320     17
322      0
324      0
326      0
328      0
330      0
332      0
334     17
336      0
338     17
340     17
342      0
344     17
346      0
348      0
350      0
352     17
354      0
356      0
358      0
360      0
362      0
364      0
366      0
368     17
370     17
372      0
374     17
376      0
378      0
380      0
382      0
384      0
386     17
388      0
390      0
392     17
394      0
396      0
398      0
400     17
